10
93
1 1 2 3 3 6 6 6 7 7 7 8 9 9 9 9 10 11 11 11 12 12 12 13 14 14 15 16 16 17 17 17 17 18 18 19 19 19 20 20 21 21 21 21 21 21 22 22 26 27 27 28 30 33 33 33 33 34 35 35 37 37 38 38 38 39 39 39 40 41 41 41 41 43 43 43 44 44 44 45 45 46 48 49 50 50 51 51 51 51 51 51 52
5
4 17 27 45 45
100
1 2 2 2 2 3 4 4 4 4 5 6 6 6 7 8 9 9 10 10 10 11 12 12 12 13 13 14 14 14 14 15 16 19 19 19 21 22 23 23 23 23 23 26 27 27 27 28 28 28 29 29 30 30 30 31 31 31 31 31 32 33 34 34 34 34 35 35 35 36 36 36 37 37 39 40 41 41 43 43 44 46 47 48 48 48 48 49 49 49 49 49 50 51 51 52 52 52 52 52
100
2 2 2 3 3 3 3 4 4 4 4 5 6 6 6 7 8 8 8 9 9 9 9 10 10 11 11 12 12 13 14 15 15 16 17 17 18 18 18 18 19 19 20 20 20 21 21 21 21 22 24 24 25 26 27 28 28 28 28 29 31 31 32 32 32 32 33 33 34 34 36 36 38 39 39 39 40 40 40 40 41 41 42 42 43 44 45 46 46 46 47 47 47 48 48 49 49 50 51 52
10
3 5 6 12 14 17 22 42 43 45
42
1 2 3 4 5 6 7 8 9 10 11 12 13 14 15 16 17 18 19 20 21 22 23 24 25 26 27 28 29 30 31 32 33 34 35 36 37 38 39 40 41 42
37
5 6 7 8 9 10 11 12 13 14 15 16 17 18 19 20 21 22 23 24 25 26 27 28 29 30 31 32 33 34 35 36 37 38 40 41 42
50
4 4 5 6 6 7 8 8 11 11 12 12 12 14 14 16 16 16 17 18 20 21 22 23 24 25 25 26 26 27 28 28 28 29 30 34 35 36 37 38 40 42 43 43 45 47 48 50 50 52
33
1 4 6 7 9 14 15 15 18 19 19 22 22 23 23 24 26 27 33 34 34 35 35 36 36 37 43 44 46 49 50 51 52
17
6 7 8 9 10 11 13 14 15 16 17 18 19 20 21 22 23